%YAML:1.0
---
camera_matrix: !!opencv-matrix
   rows: 3
   cols: 3
   dt: d
   data: [ 1.5248277502643455e+03, 0., 9.9864533124277227e+02, 0.,
       1.5200167826748891e+03, 5.1551501219428587e+02, 0., 0., 1. ]
dist_coeff: !!opencv-matrix
   rows: 1
   cols: 5
   dt: d
   data: [ 9.1237437460823731e-02, -4.9929410630945255e-02,
       -4.2336700770617842e-03, 5.6724939598065882e-03,
       -6.3085079389789023e-01 ]
