%YAML:1.0
---
camera_matrix: !!opencv-matrix
   rows: 3
   cols: 3
   dt: d
   data: [ 6.6700160790370285e+02, 0., 3.1111446010273494e+02, 0.,
       6.6427650971021967e+02, 2.2106728136185919e+02, 0., 0., 1. ]
dist_coeff: !!opencv-matrix
   rows: 1
   cols: 5
   dt: d
   data: [ 3.8144826644029427e-02, 1.6756633662943086e-02,
       -4.8520902290995456e-03, -5.6881582311909974e-03,
       -2.9064179626995396e-02 ]
