%YAML:1.0
---
camera_matrix: !!opencv-matrix
   rows: 3
   cols: 3
   dt: d
   data: [ 9.2611210774405026e+02, 0., 6.7868611919679358e+02, 0.,
       9.2282080928151834e+02, 3.7658134358735424e+02, 0., 0., 1. ]
dist_coeff: !!opencv-matrix
   rows: 1
   cols: 5
   dt: d
   data: [ 2.1709609489420197e-02, -3.8105187840832461e-01,
       4.6726534742986122e-03, -6.8916471092346835e-04,
       4.5454904771954252e-01 ]
