%YAML:1.0
---
num_images: 25
camera_matrix: !!opencv-matrix
   rows: 3
   cols: 3
   dt: d
   data: [ 6.6705388705372468e+02, 0., 3.1111804110187001e+02, 0.,
       6.6432798934184848e+02, 2.2100869281693502e+02, 0., 0., 1. ]
dist_coeff: !!opencv-matrix
   rows: 1
   cols: 5
   dt: d
   data: [ 3.8326269074724931e-02, 1.5177244817869782e-02,
       -4.8686877929026611e-03, -5.6884729608607434e-03,
       -2.4251415432839846e-02 ]
rvec0: !!opencv-matrix
   rows: 3
   cols: 1
   dt: d
   data: [ 4.8638188817287376e-02, 1.1148276345477469e-01,
       3.1354216932307182e+00 ]
rvec1: !!opencv-matrix
   rows: 3
   cols: 1
   dt: d
   data: [ 1.2682316492309759e-01, 1.4111341409931860e-01,
       3.1141097667341806e+00 ]
rvec2: !!opencv-matrix
   rows: 3
   cols: 1
   dt: d
   data: [ 1.5253233028600313e-01, -6.3940329530282794e-02,
       -3.1241904807261776e+00 ]
rvec3: !!opencv-matrix
   rows: 3
   cols: 1
   dt: d
   data: [ 2.8416713179970332e-01, -9.1916192422793280e-02,
       -3.0662223761192831e+00 ]
rvec4: !!opencv-matrix
   rows: 3
   cols: 1
   dt: d
   data: [ 2.2707008985848687e-01, 2.9117360675265803e-02,
       -3.1261266902055107e+00 ]
rvec5: !!opencv-matrix
   rows: 3
   cols: 1
   dt: d
   data: [ 4.2560744722024757e-01, 2.7897559275410145e-02,
       -3.0690923056315413e+00 ]
rvec6: !!opencv-matrix
   rows: 3
   cols: 1
   dt: d
   data: [ 2.5114620847297053e-01, -2.1741011194105268e-02,
       -3.0458724482321089e+00 ]
rvec7: !!opencv-matrix
   rows: 3
   cols: 1
   dt: d
   data: [ 3.9708896836496793e-01, -1.1133005108107781e-01,
       -3.0279211729062121e+00 ]
rvec8: !!opencv-matrix
   rows: 3
   cols: 1
   dt: d
   data: [ 3.9926445191618282e-01, -1.1641160369147553e-01,
       -3.0300833933912523e+00 ]
rvec9: !!opencv-matrix
   rows: 3
   cols: 1
   dt: d
   data: [ 6.9498967897653141e-01, -1.8965610889605694e-01,
       -3.0375697790007083e+00 ]
rvec10: !!opencv-matrix
   rows: 3
   cols: 1
   dt: d
   data: [ 1.6275714588368359e-01, 7.9290488935732286e-03,
       3.1183440810699565e+00 ]
rvec11: !!opencv-matrix
   rows: 3
   cols: 1
   dt: d
   data: [ -1.3281902307124477e-01, 1.5671081721557650e-02,
       -3.1302273169932291e+00 ]
rvec12: !!opencv-matrix
   rows: 3
   cols: 1
   dt: d
   data: [ -1.8338913972944476e-01, -6.9228035878489219e-02,
       -3.1302884111981193e+00 ]
rvec13: !!opencv-matrix
   rows: 3
   cols: 1
   dt: d
   data: [ -1.8623342854275648e-02, 7.3142643083276074e-02,
       -3.1126830465267332e+00 ]
rvec14: !!opencv-matrix
   rows: 3
   cols: 1
   dt: d
   data: [ 7.9004363920336301e-02, -5.1778147687770094e-02,
       -3.1319455898746158e+00 ]
rvec15: !!opencv-matrix
   rows: 3
   cols: 1
   dt: d
   data: [ 8.0851390562414319e-02, -9.8840325663589523e-02,
       -3.1274584851575642e+00 ]
rvec16: !!opencv-matrix
   rows: 3
   cols: 1
   dt: d
   data: [ 2.3856524154944489e-01, -6.1516018380785409e-02,
       -3.0734071756910097e+00 ]
rvec17: !!opencv-matrix
   rows: 3
   cols: 1
   dt: d
   data: [ 2.8096512635824511e-01, 3.5992113339878389e-02,
       -3.0982412183467472e+00 ]
rvec18: !!opencv-matrix
   rows: 3
   cols: 1
   dt: d
   data: [ -2.3303801684471734e-01, 2.5052159461115253e-01,
       3.1101318415165400e+00 ]
rvec19: !!opencv-matrix
   rows: 3
   cols: 1
   dt: d
   data: [ 2.2945834908001705e-01, -1.6986913888623237e-02,
       -3.1119258153529206e+00 ]
rvec20: !!opencv-matrix
   rows: 3
   cols: 1
   dt: d
   data: [ -9.7328050110939257e-02, -2.8885773498744872e-02,
       3.1194493010787441e+00 ]
rvec21: !!opencv-matrix
   rows: 3
   cols: 1
   dt: d
   data: [ 3.9605649604837190e-01, 1.0709608657339934e-01,
       3.0887010194684117e+00 ]
rvec22: !!opencv-matrix
   rows: 3
   cols: 1
   dt: d
   data: [ 6.3058073239417145e-01, -1.7939642210945969e-01,
       -3.0055411772394245e+00 ]
rvec23: !!opencv-matrix
   rows: 3
   cols: 1
   dt: d
   data: [ 3.0486737296233191e-01, 5.9346146214327627e-02,
       3.0726681889950909e+00 ]
rvec24: !!opencv-matrix
   rows: 3
   cols: 1
   dt: d
   data: [ 2.1176495173711210e-01, -3.3529389748946536e-02,
       3.0928947714234685e+00 ]
tvec0: !!opencv-matrix
   rows: 3
   cols: 1
   dt: d
   data: [ 2.9953235097235926e+00, 5.4607994190367464e+00,
       2.7789926887759059e+01 ]
tvec1: !!opencv-matrix
   rows: 3
   cols: 1
   dt: d
   data: [ 1.8439687794322059e+00, 4.8702140579280337e+00,
       2.7522615948562358e+01 ]
tvec2: !!opencv-matrix
   rows: 3
   cols: 1
   dt: d
   data: [ 1.3386930173340430e+00, 1.3524600146997316e+00,
       3.1208947382908665e+01 ]
tvec3: !!opencv-matrix
   rows: 3
   cols: 1
   dt: d
   data: [ 1.6715136110048205e+00, 5.6803522597655451e+00,
       2.9993878872279996e+01 ]
tvec4: !!opencv-matrix
   rows: 3
   cols: 1
   dt: d
   data: [ 5.8433111853109365e-01, 7.1187999079556707e+00,
       2.9266613727957683e+01 ]
tvec5: !!opencv-matrix
   rows: 3
   cols: 1
   dt: d
   data: [ 5.8826081203801142e+00, 8.4338156995977762e+00,
       2.9418771211557566e+01 ]
tvec6: !!opencv-matrix
   rows: 3
   cols: 1
   dt: d
   data: [ 6.3487852488700174e+00, 7.5222618700867239e+00,
       3.0231987294785498e+01 ]
tvec7: !!opencv-matrix
   rows: 3
   cols: 1
   dt: d
   data: [ 8.4752229931236371e+00, 6.6012334768934355e+00,
       3.2690364378731296e+01 ]
tvec8: !!opencv-matrix
   rows: 3
   cols: 1
   dt: d
   data: [ 6.7930795682404774e+00, 3.9269579094231259e+00,
       3.1741489227883598e+01 ]
tvec9: !!opencv-matrix
   rows: 3
   cols: 1
   dt: d
   data: [ 3.4319584430008274e+00, 2.3508869457737185e+00,
       3.1104489431953901e+01 ]
tvec10: !!opencv-matrix
   rows: 3
   cols: 1
   dt: d
   data: [ 4.8326338620097742e+00, 6.0616271514673974e+00,
       3.0356162807399659e+01 ]
tvec11: !!opencv-matrix
   rows: 3
   cols: 1
   dt: d
   data: [ 7.1865450095805903e+00, 7.4417118404890799e+00,
       3.0363217172701113e+01 ]
tvec12: !!opencv-matrix
   rows: 3
   cols: 1
   dt: d
   data: [ 6.3843943846879299e+00, 5.7769869524268742e+00,
       2.7545204968792135e+01 ]
tvec13: !!opencv-matrix
   rows: 3
   cols: 1
   dt: d
   data: [ 7.4767441042576959e+00, 8.5974126461985314e+00,
       3.0150714093550132e+01 ]
tvec14: !!opencv-matrix
   rows: 3
   cols: 1
   dt: d
   data: [ 7.8174501228010076e+00, 5.1512673168231542e+00,
       3.0106019075012956e+01 ]
tvec15: !!opencv-matrix
   rows: 3
   cols: 1
   dt: d
   data: [ 7.9829190496581006e+00, 3.0724582576433837e+00,
       3.1061921271983394e+01 ]
tvec16: !!opencv-matrix
   rows: 3
   cols: 1
   dt: d
   data: [ 9.6987109254243862e+00, 4.4226196059134848e+00,
       3.1220267477661672e+01 ]
tvec17: !!opencv-matrix
   rows: 3
   cols: 1
   dt: d
   data: [ 1.0206490702017584e+01, 7.9967482032181350e+00,
       3.0378744213293569e+01 ]
tvec18: !!opencv-matrix
   rows: 3
   cols: 1
   dt: d
   data: [ -7.2064787075153414e-01, 2.4209632199426134e+00,
       2.8886511853374660e+01 ]
tvec19: !!opencv-matrix
   rows: 3
   cols: 1
   dt: d
   data: [ 2.5195896730496287e-01, 5.0316932252220461e+00,
       2.8623871094808596e+01 ]
tvec20: !!opencv-matrix
   rows: 3
   cols: 1
   dt: d
   data: [ -1.5315726538563119e+00, 6.0059886324329650e+00,
       2.7728941603020619e+01 ]
tvec21: !!opencv-matrix
   rows: 3
   cols: 1
   dt: d
   data: [ 3.2878037449927424e+00, 5.6967042672790198e+00,
       3.0120330230694677e+01 ]
tvec22: !!opencv-matrix
   rows: 3
   cols: 1
   dt: d
   data: [ -1.2161603660352269e+00, 6.9281343364711692e+00,
       3.3018154962193918e+01 ]
tvec23: !!opencv-matrix
   rows: 3
   cols: 1
   dt: d
   data: [ 1.1358168047369405e+01, 6.6196712830215478e+00,
       2.7665414153052897e+01 ]
tvec24: !!opencv-matrix
   rows: 3
   cols: 1
   dt: d
   data: [ 1.1287982269155695e+01, 2.0819861964787636e+00,
       2.9164047288857837e+01 ]
